P1	P2	P3	P4	ABBA	BABA	BAAA	ABAA	ABBA_HOM	BABA_HOM	BAAA_HOM	ABAA_HOM	D	Danc	D+	fhom	fanc	f+
NA18486	NA06984	AltaiNeandertal	Ancestor	2202	2218	8851	8657	15254	0	15719	0	-0.0036199095022624436	0.011080648846241718	0.008117475373951112	-0.0010489052051920807	0.01234175201984859	0.0057469408839957384
NA18486	NA06985	AltaiNeandertal	Ancestor	2386	2357	9344	9170	15254	0	15719	0	0.00611427366645583	0.009398293183536783	0.008728554843702972	0.0019011406844106464	0.011069406450792034	0.006554095502534466
NA18486	NA06986	AltaiNeandertal	Ancestor	2241	2211	8934	8635	15254	0	15719	0	0.006738544474393531	0.017018612328533213	0.014940284274101993	0.0019666972597351512	0.019021566257395508	0.010622154779969651
NA18486	NA06989	AltaiNeandertal	Ancestor	2470	2331	9192	8890	15254	0	15719	0	0.028952301603832536	0.01670169229067581	0.019271948608137045	0.009112363970106202	0.01921241809275399	0.014238207471023149
NA18486	NA06994	AltaiNeandertal	Ancestor	2117	2247	8886	8893	15254	0	15719	0	-0.029789184234647114	-0.00039372293154845604	-0.006187056857697692	-0.008522354792185657	-0.0004453209491697945	-0.004423207309592225
NA18486	NA07000	AltaiNeandertal	Ancestor	2311	2189	8965	8709	15254	0	15719	0	0.02711111111111111	0.014484553581532195	0.0170469919725805	0.007997902189589616	0.016286023283923912	0.012204177832305556
NA18486	NA07037	AltaiNeandertal	Ancestor	2468	2245	9158	8742	15254	0	15719	0	0.04731593464884362	0.023240223463687152	0.028258081634458056	0.014619116297364626	0.02646478783637636	0.02063087204984987
NA18486	NA07048	AltaiNeandertal	Ancestor	2248	2299	9006	8846	15254	0	15719	0	-0.011216186496591158	0.008962581223392337	0.0048662886736015	-0.0033433853415497576	0.010178764552452447	0.003519194136828851
NA18486	NA07051	AltaiNeandertal	Ancestor	2235	2291	8944	8834	15254	0	15719	0	-0.012372956252761821	0.006187422657216785	0.002421090387374462	-0.0036711682181722826	0.006997900629811057	0.001743453976043651
NA18486	NA07056	AltaiNeandertal	Ancestor	2331	2414	9135	8829	15254	0	15719	0	-0.017492096944151738	0.017034068136272545	0.009819895195737373	-0.005441195751933919	0.019466887206565302	0.007199819197365447
NA18486	NA07347	AltaiNeandertal	Ancestor	2440	2246	9163	8852	15254	0	15719	0	0.04139991463935126	0.017263391618096032	0.0222457160477512	0.012717975612953979	0.01978497359882944	0.01630452329448229
NA18486	NA07357	AltaiNeandertal	Ancestor	2455	2185	9072	8604	15254	0	15719	0	0.05818965517241379	0.026476578411405296	0.03307044273167234	0.017700275337616363	0.029772886315923404	0.02382720433926323
NA18486	NA10847	AltaiNeandertal	Ancestor	2285	2232	8930	8702	15254	0	15719	0	0.01173345140580031	0.01293103448275862	0.012686803015937513	0.0034744984921987673	0.014504739487244735	0.009072417912375294
NA18486	NA10851	AltaiNeandertal	Ancestor	2299	2220	9053	8688	15254	0	15719	0	0.01748174374861695	0.020573812073727524	0.019946091644204852	0.005178969450635899	0.023220306635282142	0.014335066025247796
NA18486	NA11829	AltaiNeandertal	Ancestor	2220	2282	8884	8675	15254	0	15719	0	-0.013771657041314972	0.011902727945782789	0.006663342550201713	-0.004064507670119313	0.013296011196641007	0.004746069157007716
NA18486	NA11830	AltaiNeandertal	Ancestor	2411	2223	9153	8706	15254	0	15719	0	0.04056970220112214	0.025029396942717958	0.02823100520161828	0.012324636161006949	0.028436923468414022	0.020501727310883674
NA18486	NA11831	AltaiNeandertal	Ancestor	2345	2238	8974	8555	15254	0	15719	0	0.023347152520183285	0.023903246049403845	0.023787988422575977	0.00701455355972204	0.026655639671734843	0.01698253317405482
NA18486	NA11832	AltaiNeandertal	Ancestor	2346	2275	9081	8822	15254	0	15719	0	0.01536463968837914	0.014466849131430487	0.014651038891848695	0.004654516848039858	0.0164768751192824	0.0106544409647112
NA18486	NA11840	AltaiNeandertal	Ancestor	2427	2255	9079	8755	15254	0	15719	0	0.03673643741990602	0.018167545138499497	0.022028779534553206	0.011275730955814868	0.020611998218716204	0.01601394763180835
NA18486	NA11843	AltaiNeandertal	Ancestor	2345	2399	9136	9065	15254	0	15719	0	-0.011382799325463743	0.0039008845667820448	0.0007409021573327523	-0.0035400550675232724	0.004516826770150773	0.0005488651406063346
NA18486	NA11881	AltaiNeandertal	Ancestor	2361	2280	9028	8861	15254	0	15719	0	0.017453135100193924	0.009335345743194142	0.011007545494895694	0.005310082601284909	0.01062408550162224	0.008006973815904175
NA18486	NA11892	AltaiNeandertal	Ancestor	2360	2277	9058	8785	15254	0	15719	0	0.01789950398964848	0.015300117693213025	0.015836298932384342	0.005441195751933919	0.017367517017621986	0.011493881767991477
NA18486	NA11893	AltaiNeandertal	Ancestor	2421	2238	9101	8585	15254	0	15719	0	0.039278815196394076	0.02917561913377813	0.0312821660326695	0.011996853284384424	0.03282651568165914	0.022568043134342814
NA18486	NA11894	AltaiNeandertal	Ancestor	2376	2257	9097	8755	15254	0	15719	0	0.02568530110079862	0.019157517365001122	0.02050255726039582	0.0078012324636161	0.021757109230867103	0.01488393116585413
NA18486	NA11918	AltaiNeandertal	Ancestor	2287	2209	9103	8803	15254	0	15719	0	0.017348754448398576	0.01675416061655311	0.016873493438085887	0.005113412875311394	0.019085183535848337	0.012204177832305556
NA18486	NA11919	AltaiNeandertal	Ancestor	2296	2288	9020	8915	15254	0	15719	0	0.0017452006980802793	0.005854474491218288	0.005017984812824726	0.0005244526025960404	0.006679814237546918	0.0036483388757950473
NA18486	NA11920	AltaiNeandertal	Ancestor	2366	2196	8841	8784	15254	0	15719	0	0.037264357737834285	0.0032340425531914895	0.010231216478117817	0.011144617805165858	0.0036261848718111838	0.007328963936331643
NA18486	NA11930	AltaiNeandertal	Ancestor	2369	2243	9083	8848	15254	0	15719	0	0.027320034692107545	0.013105794434220067	0.01601384021647518	0.008260128490887636	0.01495006043641453	0.011655312691699221
NA18486	NA11931	AltaiNeandertal	Ancestor	2545	2269	9232	8674	15254	0	15719	0	0.05733277939343581	0.031162738746788786	0.03670774647887324	0.018093614789563395	0.0354984413766779	0.026926678074451944
NA18486	NA11932	AltaiNeandertal	Ancestor	2403	2368	9051	8832	15254	0	15719	0	0.00733598826241878	0.012246267404797853	0.011212147965039287	0.0022944801363576767	0.013932183981169285	0.008200690924353469
NA18486	NA11933	AltaiNeandertal	Ancestor	2388	2148	8975	8531	15254	0	15719	0	0.05291005291005291	0.025362732777333485	0.031031666817893114	0.01573357807788121	0.02824607163305554	0.02208375036321958
NA18486	NA11992	AltaiNeandertal	Ancestor	2357	2195	9057	8708	15254	0	15719	0	0.035588752196836555	0.019645370109766396	0.02289734283281803	0.010620165202569818	0.022202430180036897	0.016498240402931585
NA18486	NA11994	AltaiNeandertal	Ancestor	2423	2234	9228	8819	15254	0	15719	0	0.04058406699592012	0.022663046489721284	0.026338971106412968	0.012390192736331454	0.026019466887206567	0.019307138475446357
NA18486	NA11995	AltaiNeandertal	Ancestor	2440	2274	9083	8698	15254	0	15719	0	0.035214255409418756	0.021652325516000225	0.024494332073794176	0.010882391503867838	0.0244926522043387	0.01778968779259355
NA18486	NA12003	AltaiNeandertal	Ancestor	2288	2301	9010	8815	15254	0	15719	0	-0.0028328611898017	0.01093969144460028	0.008119925046845722	-0.0008522354792185657	0.01240536929830142	0.005876085622961934
NA18486	NA12004	AltaiNeandertal	Ancestor	2340	2298	9176	8879	15254	0	15719	0	0.009055627425614488	0.016449736914982	0.014938527299167144	0.002753376163629212	0.018894331700489854	0.010945016627385142
NA18486	NA12005	AltaiNeandertal	Ancestor	2392	2183	9128	8814	15254	0	15719	0	0.04568306010928962	0.017500836027198752	0.02322689523471155	0.013701324242821555	0.019975825434187924	0.016885674619830173
NA18486	NA12006	AltaiNeandertal	Ancestor	2231	2253	8902	8741	15254	0	15719	0	-0.004906333630686887	0.009125432182735363	0.006281918018710173	-0.001442244657139111	0.010242381830905273	0.004487779679075324
NA18486	NA12043	AltaiNeandertal	Ancestor	2372	2319	9078	8804	15254	0	15719	0	0.011298230654444682	0.015322670842187676	0.014486333229965002	0.0034744984921987673	0.017431134296074815	0.010557582410486552
NA18486	NA12044	AltaiNeandertal	Ancestor	2333	2210	8984	8626	15254	0	15719	0	0.027074620294959276	0.020329358319136855	0.021712634857581365	0.00806345876491412	0.02277498568611235	0.015529654860685112
NA18486	NA12045	AltaiNeandertal	Ancestor	2280	2287	9043	8806	15254	0	15719	0	-0.001532734836873221	0.013278054792985602	0.010260528194147038	-0.0004588960272715353	0.015077294993320186	0.007425822490556291
NA18486	NA12046	AltaiNeandertal	Ancestor	2434	2221	9232	8881	15254	0	15719	0	0.04575725026852846	0.019378347043559875	0.02477160927617709	0.013963550544119576	0.022329664736942555	0.018209408194233688
NA18486	NA12058	AltaiNeandertal	Ancestor	2293	2250	9050	8709	15254	0	15719	0	0.009465111160026414	0.019201531617771272	0.017218186709712133	0.002818932738953717	0.021693491952414275	0.01239789494075485
NA18486	NA12144	AltaiNeandertal	Ancestor	2587	2149	9191	8732	15254	0	15719	0	0.09248310810810811	0.02560955197232606	0.039586919104991396	0.02871377999213321	0.029200330809847956	0.028960707713169536
NA18486	NA12154	AltaiNeandertal	Ancestor	2288	2207	8786	8604	15254	0	15719	0	0.018020022246941044	0.010465784933870041	0.012017363490975553	0.005310082601284909	0.011578344678414657	0.00849126658702741
NA18486	NA12155	AltaiNeandertal	Ancestor	2389	2400	9170	8983	15254	0	15719	0	-0.0022969304656504487	0.01030132760425274	0.007671519483915962	-0.0007211223285695555	0.011896431070678797	0.00568236851451264
NA18486	NA12156	AltaiNeandertal	Ancestor	2387	2273	9066	8772	15254	0	15719	0	0.024463519313304722	0.01648166834846956	0.018134945328473644	0.007473449586993575	0.01870347986513137	0.013172763374552029
NA18486	NA12234	AltaiNeandertal	Ancestor	2288	2247	9100	8872	15254	0	15719	0	0.009040793825799339	0.012686401068328511	0.011951837206202515	0.002687819588304707	0.014504739487244735	0.008684983695476706
NA18486	NA12249	AltaiNeandertal	Ancestor	2439	2219	9111	8505	15254	0	15719	0	0.047230571060541	0.03440054495912807	0.03708359522313011	0.01442244657139111	0.03855207074241364	0.02666838859651955
NA18486	NA12272	AltaiNeandertal	Ancestor	2330	2200	8903	8621	15254	0	15719	0	0.02869757174392936	0.016092216388952293	0.018681418336809648	0.008522354792185657	0.017940072523697437	0.013301908113518226
NA18486	NA12273	AltaiNeandertal	Ancestor	2322	2295	8799	8613	15254	0	15719	0	0.005847953216374269	0.010682288077188146	0.009669072586136456	0.0017700275337616362	0.011832813792225968	0.0068769573499499565
NA18486	NA12275	AltaiNeandertal	Ancestor	2456	2188	9179	8565	15254	0	15719	0	0.05770887166236004	0.03460324616771866	0.03939610505628015	0.017569162186967354	0.03906100897003626	0.028476414942046297
NA18486	NA12282	AltaiNeandertal	Ancestor	2457	2195	9170	8727	15254	0	15719	0	0.05631986242476354	0.02475275185785327	0.031265244578473544	0.017175822735020323	0.02818245435460271	0.02276176024279211
NA18486	NA12283	AltaiNeandertal	Ancestor	2359	2310	9109	8708	15254	0	15719	0	0.010494752623688156	0.022506594825166974	0.020012452192475317	0.0032122721909007474	0.025510528659583944	0.014528783133697092
NA18486	NA12286	AltaiNeandertal	Ancestor	2282	2423	9113	8988	15254	0	15719	0	-0.029968119022316685	0.006905695817910612	-0.000701569762343243	-0.009243477120755211	0.007952159806603474	-0.0005165789558647855
NA18486	NA12287	AltaiNeandertal	Ancestor	2302	2230	8967	8740	15254	0	15719	0	0.01588702559576346	0.012819788784096686	0.013444849138900131	0.0047200734233643635	0.014441122208791908	0.009653569237723179
NA18486	NA12340	AltaiNeandertal	Ancestor	2259	2095	8963	8604	15254	0	15719	0	0.037666513550757924	0.020436044856833837	0.023858400620409653	0.010751278353218829	0.022838602964565177	0.016885674619830173
NA18486	NA12341	AltaiNeandertal	Ancestor	2312	2221	8826	8571	15254	0	15719	0	0.020075005515111405	0.014657699603379893	0.015777473780209758	0.00596564835452996	0.016222406005471087	0.011171019920575986
NA18486	NA12342	AltaiNeandertal	Ancestor	2272	2407	9003	9008	15254	0	15719	0	-0.02885231887155375	-0.00027760812836599854	-0.00617011899515205	-0.008850137668808182	-0.00031808639226413895	-0.004520065863816872
NA18486	NA12347	AltaiNeandertal	Ancestor	2257	2298	8873	8749	15254	0	15719	0	-0.009001097694840834	0.00703665872205198	0.0037426162240158725	-0.002687819588304707	0.007888542528150645	0.0026797533335485746
NA18486	NA12348	AltaiNeandertal	Ancestor	2460	2323	9202	8848	15254	0	15719	0	0.02864311101818942	0.01961218836565097	0.02150396356151185	0.008981250819457191	0.022520516572301037	0.015852516708100603
NA18486	NA12383	AltaiNeandertal	Ancestor	2388	2258	8989	8683	15254	0	15719	0	0.027981058975462762	0.017315527387958354	0.019535800698987364	0.008522354792185657	0.019466887206565302	0.014076776547315404
NA18486	NA12399	AltaiNeandertal	Ancestor	2357	2262	8961	8864	15254	0	15719	0	0.020567222342498376	0.00544179523141655	0.008554624844056318	0.006227874655827979	0.006170876009924295	0.006198947470377425
NA18486	NA12400	AltaiNeandertal	Ancestor	2297	2239	8832	8531	15254	0	15719	0	0.012786596119929453	0.01733571387433047	0.01639344262295082	0.0038022813688212928	0.019148800814301165	0.011590740322216124
NA18486	NA12413	AltaiNeandertal	Ancestor	2554	2210	9137	8532	15254	0	15719	0	0.07220822837951302	0.03424076065425321	0.042303748941291845	0.022551461911629735	0.03848845346396081	0.030639589319730088
NA18486	NA12414	AltaiNeandertal	Ancestor	2403	2286	9056	8744	15254	0	15719	0	0.02495201535508637	0.01752808988764045	0.01907599270754591	0.007670119312967091	0.01984859087728227	0.01385077325412456
NA18486	NA12489	AltaiNeandertal	Ancestor	2364	2247	8978	8648	15254	0	15719	0	0.025374105400130124	0.01872234199478044	0.020101632414444393	0.007670119312967091	0.02099370188943317	0.014431924579472444
NA18486	NA12546	AltaiNeandertal	Ancestor	2439	2231	8925	8527	15254	0	15719	0	0.04453961456102784	0.02280540912216365	0.027393544887442365	0.01363576766749705	0.025319676824225458	0.01956542795337875
NA18486	NA12716	AltaiNeandertal	Ancestor	2319	2323	8994	8697	15254	0	15719	0	-0.0008616975441619991	0.016788197388502627	0.013119598799982089	-0.0002622263012980202	0.018894331700489854	0.009459852129273884
NA18486	NA12717	AltaiNeandertal	Ancestor	2105	2222	8787	8672	15254	0	15719	0	-0.027039519297434714	0.006586860644939573	-9.180207472688883e-05	-0.007670119312967091	0.007315987022075195	-6.457236948309819e-05
NA18486	NA12718	AltaiNeandertal	Ancestor	2330	2171	8989	8658	15254	0	15719	0	0.03532548322594979	0.018756729189097297	0.022123893805309734	0.010423495476596302	0.021057319167885998	0.015820230523359055
NA18486	NA12748	AltaiNeandertal	Ancestor	2422	2159	9138	8711	15254	0	15719	0	0.05741104562322637	0.023922908846433975	0.030762371823450735	0.017241379310344827	0.027164577899357466	0.022277467471668873
NA18486	NA12749	AltaiNeandertal	Ancestor	2328	2282	9021	8775	15254	0	15719	0	0.009978308026030369	0.013823331085637222	0.013032223511559403	0.003015602464927232	0.015649850499395636	0.009427565944532335
NA18486	NA12750	AltaiNeandertal	Ancestor	2435	2315	9142	8756	15254	0	15719	0	0.02526315789473684	0.021566655492233768	0.02234192864712116	0.007866789038940605	0.024556269482791528	0.01633680947922384
NA18486	NA12751	AltaiNeandertal	Ancestor	2257	2282	9086	8805	15254	0	15719	0	-0.0055078211059704785	0.01570622100497457	0.011413285777975925	-0.0016389143831126263	0.01787645524524461	0.008265263293836568
NA18486	NA12760	AltaiNeandertal	Ancestor	2301	2253	8954	8777	15254	0	15719	0	0.010540184453227932	0.009982516496531499	0.01009647745120036	0.0031467156155762423	0.011260258286150519	0.007264391566848546
NA18486	NA12761	AltaiNeandertal	Ancestor	2313	2217	8830	8470	15254	0	15719	0	0.02119205298013245	0.020809248554913295	0.020888685295464955	0.006293431231152485	0.022902220243018002	0.014722500242146386
NA18486	NA12762	AltaiNeandertal	Ancestor	2419	2298	9156	8765	15254	0	15719	0	0.02565189739241043	0.02181797890742704	0.022616838943369556	0.007932345614265111	0.024874355875055664	0.016530526587673136
NA18486	NA12763	AltaiNeandertal	Ancestor	2253	2324	9026	8853	15254	0	15719	0	-0.01551234433034739	0.009676156384585268	0.004542215888849305	-0.004654516848039858	0.011005789172339207	0.003293190843638007
NA18486	NA12775	AltaiNeandertal	Ancestor	2383	2184	9037	8688	15254	0	15719	0	0.04357346179111014	0.019689703808180536	0.024582809976673246	0.013045758489576505	0.022202430180036897	0.0176928292383689
NA18486	NA12776	AltaiNeandertal	Ancestor	2324	2239	9043	8678	15254	0	15719	0	0.018628095551172473	0.02059703177021613	0.020193861066235864	0.005572308902582929	0.023220306635282142	0.014528783133697092
NA18486	NA12777	AltaiNeandertal	Ancestor	2293	2203	8912	8648	15254	0	15719	0	0.02001779359430605	0.015034168564920273	0.016050054406964092	0.005900091779205454	0.016794961511546535	0.011429309398508378
NA18486	NA12778	AltaiNeandertal	Ancestor	2302	2267	9112	8702	15254	0	15719	0	0.007660319544758153	0.023015605703379363	0.019881159808783452	0.0022944801363576767	0.026083084165659392	0.014367352209989345
NA18486	NA12812	AltaiNeandertal	Ancestor	2416	2280	9085	8914	15254	0	15719	0	0.028960817717206135	0.009500527807100395	0.013527208636263494	0.008915694244132686	0.010878554615433552	0.00991185871565557
NA18486	NA12813	AltaiNeandertal	Ancestor	2475	2304	9263	8966	15254	0	15719	0	0.035781544256120526	0.016292720390586428	0.02034075104311544	0.011210174380490363	0.018894331700489854	0.015109934459044974
NA18486	NA12814	AltaiNeandertal	Ancestor	2373	2159	8957	8617	15254	0	15719	0	0.047219770520741396	0.01934676226243314	0.025061069392924996	0.01402910711944408	0.02162987467396145	0.017886546346818195
NA18486	NA12815	AltaiNeandertal	Ancestor	2353	2273	9141	8861	15254	0	15719	0	0.01729355814958928	0.015553827352516387	0.01590949266395616	0.005244526025960404	0.01781283796679178	0.011623026506957674
NA18486	NA12827	AltaiNeandertal	Ancestor	2336	2375	9079	9001	15254	0	15719	0	-0.008278497134366377	0.004314159292035398	0.0017112017901803344	-0.002556706437655697	0.004962147719320568	0.0012591612049204146
NA18486	NA12828	AltaiNeandertal	Ancestor	2396	2254	9174	8731	15254	0	15719	0	0.03053763440860215	0.02474169226473052	0.025936599423631124	0.009309033696079716	0.02818245435460271	0.018887418073806218
NA18486	NA12829	AltaiNeandertal	Ancestor	2338	2163	9090	8629	15254	0	15719	0	0.038880248833592534	0.026017269597607088	0.028622862286228623	0.011472400681788383	0.02932756536675361	0.02053401349562522
NA18486	NA12830	AltaiNeandertal	Ancestor	2481	2240	9200	8819	15254	0	15719	0	0.05104850667231519	0.021144347633054	0.02735268249780123	0.015799134653205718	0.024238183090527388	0.020082006909243534
NA18486	NA12842	AltaiNeandertal	Ancestor	2299	2345	8931	8871	15254	0	15719	0	-0.009905254091300603	0.003370407819346141	0.000623719148177849	-0.003015602464927232	0.0038170367071696672	0.00045200658638168726
NA18486	NA12843	AltaiNeandertal	Ancestor	2299	2239	8802	8580	15254	0	15719	0	0.013221683561040106	0.01277183293061788	0.012864963503649634	0.0039333945194703025	0.01412303581652777	0.009104704097116844
NA18486	NA12872	AltaiNeandertal	Ancestor	2399	2272	9146	8681	15254	0	15719	0	0.027189038749732393	0.026084029842373926	0.02631345008445195	0.008325685066212141	0.02958203448056492	0.019113421366997063
NA18486	NA12873	AltaiNeandertal	Ancestor	2293	2307	9034	8759	15254	0	15719	0	-0.003043478260869565	0.015455516214241556	0.011655428035546823	-0.0009177920545430706	0.01749475157452764	0.008426694217544313
NA18486	NA12874	AltaiNeandertal	Ancestor	2150	2306	8780	8705	15254	0	15719	0	-0.03500897666068223	0.0042893909064912784	-0.0036917187001504034	-0.010226825750622788	0.004771295883962084	-0.0026151809640654763
NA18486	NA12878	AltaiNeandertal	Ancestor	2435	2245	9243	8824	15254	0	15719	0	0.0405982905982906	0.023191454032213427	0.026772761243240868	0.012455749311655958	0.026655639671734843	0.019662286507603398
NA18486	NA12889	AltaiNeandertal	Ancestor	2343	2199	8991	8625	15254	0	15719	0	0.031704095112285335	0.02077656675749319	0.023016517736257784	0.009440146846728727	0.02328392391373497	0.016465954218190037
NA18486	NA12890	AltaiNeandertal	Ancestor	2314	2124	8954	8512	15254	0	15719	0	0.04281207751239297	0.02530630940112218	0.02885317750182615	0.012455749311655958	0.028118837076149882	0.020404868756659027
