P1	P2	P3	P4	ABBA	BABA	BAAA	ABAA	ABBA_HOM	BABA_HOM	BAAA_HOM	ABAA_HOM	D	Danc	D+	fhom	fanc	f+	BS_REP
YRI	CEU	NEA	ANC	1567.4301931350217	1589.670513000363	6328.262146929954	6184.914503833443	10198.4791666666	102.08564814814788	10971.618055550765	605.9143518518523	-0.00704453925784511	0.01145573558955278	0.007728473496217526	-0.002202798437337928	0.013829031505633207	0.005918617330176389	0
YRI	CEU	NEA	ANC	2614.1942690796427	2649.5842101571247	10339.753518980137	10143.64261831326	16194.494212962863	192.01041666666663	17581.214120365672	1129.2395833333342	-0.006723296053790902	0.009574139920568325	0.006242275588802193	-0.002211528005775772	0.011920204485208917	0.004952199723646108	1
YRI	CEU	NEA	ANC	1715.7751239244205	1787.7395599513532	7119.735514868436	7031.055169751806	11450.283564814774	103.81365740740738	12153.03587962472	647.436342592593	-0.0205406406195854	0.006266812017296863	0.0009468460378807901	-0.006342451583108835	0.007707581411225247	0.0007314833840471036	2
YRI	CEU	NEA	ANC	1447.9350916572935	1481.5081135428297	5984.8168724255665	5959.41262158485	9463.297453703723	106.35532407407398	10228.836805550933	578.6446759259261	-0.011460547118967867	0.00212690578772417	-0.00054921008482682	-0.003588033507145897	0.002632512441149051	-0.0004297739434782162	3
YRI	CEU	NEA	ANC	907.6985713617578	876.5310629442617	3683.453972595479	3588.0381476800762	5816.548611111088	79.47453703703694	6322.506944442662	424.77546296296305	0.017468327965317488	0.013121904464332573	0.013978271060377544	0.005432648770972404	0.01617839422073244	0.01087971197528744	4
YRI	CEU	NEA	ANC	1914.1531752712049	1820.8128974934377	7414.978745788237	7216.687289560835	11875.357638888909	115.35069444444439	12887.99884258646	651.3993055555557	0.024990930562503386	0.013552213107403056	0.015878345702603613	0.007937093763525535	0.016204784313429886	0.012153040648905902	5
YRI	CEU	NEA	ANC	2289.540532641213	2236.1914164796076	8776.73048774449	8582.4907991948	14179.003472222159	129.01041666666666	15000.269675919635	850.2395833333344	0.01178795314467729	0.011189424072601172	0.01131319779579603	0.0037970919950391386	0.01372715727660948	0.008779737641017114	6
YRI	CEU	NEA	ANC	3129.682472876852	3228.4387860082047	13099.605873543236	12941.53432473057	20604.66203703714	236.6481481481482	22626.31481481603	1292.3518518518533	-0.015532310427918824	0.006070070189290109	0.0018307588819499857	-0.004848598084726639	0.007409385170822638	0.0014223602850299303	7
YRI	CEU	NEA	ANC	1753.4856317807598	1842.9326014777403	7327.255249249486	7215.961899082147	11344.381944444358	129.5763888888889	12436.252314810532	682.4236111111117	-0.024871125629884784	0.007652594954212458	0.0012043450714852933	-0.007975793182849359	0.0094686891372094	0.0009511397248861514	8
YRI	CEU	NEA	ANC	2399.5334946689063	2540.8001192480365	10486.488507759093	10418.176849513997	16490.565972222215	180.71643518518516	18240.688657403814	991.0335648148155	-0.028594551627279065	0.003267770953402506	-0.0028227885176299672	-0.00866143027612465	0.003960175312400622	-0.0021738987848357433	9
YRI	CEU	NEA	ANC	2390.920477927396	2595.7860082304364	10349.864992514149	10318.05459689318	16451.83449074063	182.0914351851851	17825.355324067805	928.1585648148156	-0.041082331769818216	0.0015391193817723306	-0.006745572286742414	-0.012591811044802417	0.0018825841986807258	-0.005217699783228288	10
YRI	CEU	NEA	ANC	2090.503904788603	2114.4439300411436	8391.600051436879	8235.264403290548	13470.28819444441	114.50347222222219	14367.693287029906	674.4965277777782	-0.005693298987978988	0.009402593530007431	0.006355453911235506	-0.0017924836129402212	0.011417030726641594	0.004894662040582452	11
YRI	CEU	NEA	ANC	1359.0710461092212	1376.3650275907175	5620.797313409739	5549.390537316342	9024.945601851898	67.79513888888881	9680.008101847803	488.4548611111115	-0.006322202755081949	0.006392620880476606	0.003891432337447954	-0.0019307458943561707	0.007768738778221392	0.002981634142876562	12
YRI	CEU	NEA	ANC	2914.48273241668	2916.875198746701	11670.45787737835	11457.955562571535	18442.241898148328	192.5358796296293	19880.549768518766	1121.4641203703702	-0.0004102760211708605	0.009187933074551447	0.007255231603325946	-0.00013109615725278654	0.011327967620201716	0.005677295556397095	13
YRI	CEU	NEA	ANC	1942.8488472689746	1923.8627361578742	8054.767080525128	7995.396289281675	12540.759259259155	182.8287037037036	13813.925925921449	987.6712962962971	0.004910144111207301	0.0036990770670372037	0.003934196631677476	0.0015363503643063669	0.004628848635697795	0.003111353485466812	14
YRI	CEU	NEA	ANC	2086.6793864571346	2215.8803544706075	8884.877010845676	8814.540941824316	14353.318287037042	112.32986111111103	15302.917824067026	731.6701388888898	-0.030028860909114042	0.003973919888746912	-0.002675436718092952	-0.009072471948524346	0.0048270450507066215	-0.002043052082633298	15
YRI	CEU	NEA	ANC	1525.128355312385	1501.8920337635677	5870.213535819852	5710.723426393448	9374.184027777743	82.4780092592592	9990.491898145428	571.0219907407409	0.0076763016306971915	0.013771779429142414	0.012508691433104074	0.0025007594410011587	0.01693196230724494	0.009765630535388503	16
YRI	CEU	NEA	ANC	2908.276830808056	2952.15351430974	11612.87901000277	11411.154683409795	18782.895833333274	155.53009259259244	19949.168981480456	943.4699074074077	-0.007486938828346765	0.00876146765936549	0.005464793907227464	-0.002355495893105247	0.010613886172077789	0.0041943871398206455	17
YRI	CEU	NEA	ANC	2254.710800130924	2445.337273194899	9771.92687289199	9718.829019358425	15578.431712962984	121.40162037037035	16743.99421295675	867.0983796296309	-0.0405584092098626	0.002724258301068618	-0.0056851611763757155	-0.012332671407253576	0.0033443472887255345	-0.004389128252091919	18
YRI	CEU	NEA	ANC	1948.9344720351469	1819.7454989711778	7535.448711650255	7357.734065187236	11712.47453703703	143.497685185185	12776.80787036402	808.502314814815	0.03427963479463943	0.011932617031962302	0.01644549762656717	0.011166845151331584	0.014848772504861373	0.013039042240088226	19
YRI	CEU	NEA	ANC	2779.50986719039	2789.4231668537104	11247.478862697588	11149.189721287205	17717.960648148037	221.74768518518505	19332.34953703349	1309.2523148148143	-0.0017801075363481785	0.004388560782681181	0.0031601623649708593	-0.0005665968792392596	0.005453510026523828	0.0024881069279305153	20
YRI	CEU	NEA	ANC	1815.8720772540094	1856.0924055368494	7509.022516832453	7416.266835015573	11573.079861111057	149.3229166666665	12855.253472217402	804.1770833333337	-0.010953354388730562	0.006214665567297402	0.002824898450124349	-0.003520761906826106	0.007696879417546343	0.002237943621923538	21
YRI	CEU	NEA	ANC	1818.198770108477	1875.5588290310523	7560.9145389049945	7491.07299850222	11789.690972222164	150.8136574074073	12955.09606480993	812.4363425925942	-0.015528918014527385	0.004640021142005623	0.0006658301064738922	-0.004928315452690911	0.005751749781391475	0.0005248391414214931	22
YRI	CEU	NEA	ANC	1460.6124789562102	1437.6261574074065	6140.590780487821	6024.225671061292	9621.994212963007	119.92708333333313	10600.306712958853	624.5729166666669	0.007931134883235285	0.00956571025054064	0.009251206356348941	0.002419086419325223	0.011664817025267829	0.007154371866994383	23
YRI	CEU	NEA	ANC	1842.9152169846298	1897.6058735503088	7428.757248406984	7360.418022819183	12095.731481481444	112.55092592592575	12888.106481474751	639.6990740740746	-0.014621133056586424	0.00462089496773782	0.000736578126033864	-0.004563951641396572	0.005579437661953503	0.0005632552453016128	24
YRI	CEU	NEA	ANC	685.1203937523381	696.8487186681612	2923.4116863070235	2903.7233445563925	4476.047453703735	64.56365740740733	5028.281249998923	341.4363425925924	-0.008486676590970268	0.0033787344289006073	0.0011041617205965405	-0.0026585895942017406	0.0042007666435726855	0.0008748878056657377	25
YRI	CEU	NEA	ANC	2713.773861298128	2768.550586887372	11129.866944907126	10941.960589692339	17779.04513888881	193.33449074074053	19212.278935180333	1022.9155092592591	-0.009991514750166538	0.008513402658671019	0.004831563305186048	-0.003114842879267579	0.010330562472956474	0.0037212957085682066	26
YRI	CEU	NEA	ANC	2466.0414094649873	2592.375163673748	10723.270248779478	10663.70501309526	17179.979166666617	150.3912037037036	18619.00231481304	897.8587962962969	-0.024974960520179314	0.0027851173415065233	-0.0025247694925866573	-0.007418485666448286	0.0033612523718900477	-0.0019213557723274533	27
YRI	CEU	NEA	ANC	1606.4692877852433	1588.2367541152178	6632.769208283827	6570.285832864244	10493.818287037004	119.40393518518506	11366.278935180157	656.3460648148155	0.005707108394605031	0.0047324937467010065	0.0049223737729079025	0.0017574518475610191	0.005834151920081175	0.003828238467091615	28
YRI	CEU	NEA	ANC	1789.596415544299	1760.753402076307	6940.402859611843	6719.194947155339	11174.509259259217	106.36574074074072	11980.652777771562	588.1342592592596	0.008123991986604288	0.016194321061701718	0.014529441424339677	0.0026059486326440924	0.019416945611898894	0.011132838627474046	29
YRI	CEU	NEA	ANC	2320.864875607879	2394.3787644968143	9427.040287127096	9283.490202954108	15060.270833333308	150.78472222222217	16262.108796290102	878.7152777777789	-0.015590687247563484	0.007672154685784386	0.0029897067603757896	-0.004930678920861657	0.009331496590803613	0.0023119688897309276	30
YRI	CEU	NEA	ANC	1968.3625023381835	1961.408377759077	8080.707503270855	7921.641846707035	12484.61111111106	132.02314814814795	13780.087962957996	754.2268518518522	0.001769600516489757	0.009940143980423715	0.008329258464557268	0.0005629690393589792	0.012211527146423902	0.006541762290452992	31
YRI	CEU	NEA	ANC	2627.9268962775673	2620.6615343247054	10401.40349092322	10240.887287223164	16919.1631944444	122.3321759259259	17809.37847221607	843.9178240740749	0.0013842506511847412	0.007776084806924193	0.006480334804397958	0.00043254361164030565	0.009461352510792847	0.004969495770886845	32
YRI	CEU	NEA	ANC	1629.90947671156	1582.8516063411932	6153.597982134807	5982.830094930949	9867.540509259237	89.98263888888881	10505.515046293523	630.7673611111114	0.014647173927310086	0.014070687530094562	0.014191352735439455	0.004812844985859886	0.017293392464103666	0.011083979788451782	33
YRI	CEU	NEA	ANC	2278.2698629816673	2503.5084993452965	10187.691135893194	10130.304351385135	15908.953703703683	170.13425925925924	17453.499999996457	880.1157407407418	-0.04710352912593401	0.0028244314033827817	-0.006687385028300174	-0.014311024861723996	0.0034625869774309874	-0.005194689083875439	34
YRI	CEU	NEA	ANC	3474.3140081369133	3402.2268869247705	13314.770704724642	12938.184004395762	20886.460648148175	234.11342592592575	22613.57175925759	1323.3865740740737	0.01048304988106905	0.014344545385516258	0.013543032073340264	0.0034905049986074213	0.01768827734720497	0.010697346959951354	35
YRI	CEU	NEA	ANC	1204.5507388701685	1212.2512860082259	4857.241933219833	4740.093574634751	7569.341435185144	78.19097222222219	8260.649305553103	424.0590277777782	-0.0031862548354347777	0.012206341904917902	0.009109918306564232	-0.001027952538949752	0.014948894153279428	0.007140505133684376	36
YRI	CEU	NEA	ANC	1750.167929292904	1752.7565235690054	6863.481925736502	6726.8971193403995	11035.186342592575	109.96180555555537	11868.883101846706	670.2881944444448	-0.0007389809032239846	0.010050110150943859	0.007839105655390644	-0.00023693739815834635	0.012196602120666016	0.006056649144896187	37
YRI	CEU	NEA	ANC	1776.1345164608933	1847.124415450796	7382.34647399625	7320.461793863032	11678.039351851774	112.84490740740723	12742.201388883153	714.4050925925931	-0.019592830742694755	0.004209038097062033	-0.0004968452182036172	-0.006138236527791757	0.005145138694467575	-0.0003859289802103627	38
YRI	CEU	NEA	ANC	1145.767594930782	1181.7821151328053	4711.534336418177	4666.092627664678	7615.806712962957	53.50810185185186	8247.966435182418	435.2418981481486	-0.015473147596507994	0.004845757773000052	0.0008053862674536296	-0.0047623774270309826	0.0058163715536231056	0.0006131495517529192	39
YRI	CEU	NEA	ANC	1438.7452066965811	1463.0917976056867	5887.323583050228	5831.621352411608	9441.28125	87.1631944444443	10053.417824069491	530.3368055555553	-0.008390061493119445	0.004753177947791473	0.002144593897829525	-0.0026027671197335085	0.005849181638833943	0.0016610324236388245	40
YRI	CEU	NEA	ANC	2414.5196642349138	2366.913814066566	9361.15595772162	9143.409956041523	14952.371527777688	140.14699074074062	15954.730324067277	912.6030092592604	0.009956397047953699	0.011767149939904456	0.011395338777637784	0.0032139568266274046	0.014475745160442761	0.008888213455957023	41
YRI	CEU	NEA	ANC	1017.8301066217731	1022.5304433221041	4056.3080574251553	3936.4700944625733	6643.898148148135	32.861111111111114	6949.56018518307	254.8888888888889	-0.0023036794651123426	0.014993280269424057	0.01147573353503345	-0.0007109832654087901	0.017900499913852078	0.008653250422890127	42
YRI	CEU	NEA	ANC	1500.081369248026	1404.411125140295	5447.338337073378	5227.563294986823	8611.082175925943	64.37152777777779	9156.853009257351	484.12847222222223	0.032938712801831097	0.020588015670935933	0.02322970253730942	0.011193808711478959	0.025340945760245218	0.018319142457455008	43
YRI	CEU	NEA	ANC	1332.6240179573492	1418.8430836139084	5838.707678636293	5817.164959781916	9185.954861111044	91.29513888888881	10047.373842589066	514.7048611111113	-0.03133567019839082	0.0018482287446562828	-0.004489124846737967	-0.009480185987155634	0.002259883239020977	-0.0034721214099440244	44
YRI	CEU	NEA	ANC	3059.560711279406	3083.59669612793	12111.506511870204	11852.92296810768	19193.521990740603	189.40393518518508	20589.482638890917	1145.3460648148155	-0.003912643491690743	0.010790306690946655	0.007790314108908996	-0.0012647777065086022	0.013298792814862305	0.00610034346613066	45
YRI	CEU	NEA	ANC	2358.9421880845302	2371.782676300015	9517.035575660757	9269.753168256386	14769.928240740643	166.3773148148147	16201.710648142	956.1226851851857	-0.002714274996661658	0.01316256922750766	0.009968822516429986	-0.0008792716429460137	0.01621993248179139	0.007854227221147902	46
YRI	CEU	NEA	ANC	1776.8452698279034	1788.0826435652828	7222.478991299892	7066.077055273937	11649.479166666606	110.81249999999996	12672.877314811061	597.6874999999999	-0.0031522022353274877	0.01094595811614275	0.008130881491482528	-0.0009738884103344768	0.012952337679538378	0.0061474313779471285	47
YRI	CEU	NEA	ANC	684.1274083426853	702.2315750093506	2895.977272726767	2892.1925505047807	4371.193287037063	68.07523148148142	4910.515046295282	359.17476851851836	-0.01305878699822167	0.0006538720074859758	-0.0019958724580684977	-0.004207220539369545	0.0008315621313717542	-0.001617201629463216	48
YRI	CEU	NEA	ANC	2257.4207935839763	2226.1569046950885	8673.059869525248	8475.294297136945	13948.506944444409	128.38194444444443	14831.363425919619	830.8680555555561	0.00697297805297047	0.011532627007014821	0.010587563917413128	0.002262200152957217	0.014125612498464113	0.008232363557254296	49
YRI	CEU	NEA	ANC	2200.2849794238396	2220.098110736968	8868.960577997948	8716.500561166069	14142.847222222219	135.95833333333331	15223.731481473156	817.2916666666674	-0.00448222041144576	0.00866966271884338	0.006027802620814094	-0.0014145276278192962	0.010582768455755856	0.004668473972269892	50
YRI	CEU	NEA	ANC	1671.332152543937	1688.5217569210572	7224.980908620789	7170.595597174259	11324.149305555547	157.14699074074068	12497.53124999504	833.3530092592606	-0.005116176131556115	0.003777918267089675	0.00209489188374964	-0.0015393212871744064	0.004662592625393508	0.0016291626698369287	51
YRI	CEU	NEA	ANC	2596.264695566761	2573.58687570145	10332.167590250972	10173.694736719552	16205.723379629531	200.4849537037036	17677.73032407016	1157.5150462962968	0.00438655144208481	0.0077281730953098135	0.007055331513456302	0.0014168998462763724	0.009592662738761554	0.005569504888293879	52
YRI	CEU	NEA	ANC	2622.238273943132	2758.4038884212514	10936.41181490566	10854.119516928453	18022.005787036924	127.3784722222222	18777.434027773797	754.6215277777782	-0.025306573150422087	0.0037765163558441776	-0.0019827379377786486	-0.007609301500534187	0.004566007551664021	-0.0014999208400900026	53
YRI	CEU	NEA	ANC	2736.9549312570166	2997.5449985970863	12027.411160208598	11987.65989758768	18974.812499999924	205.54398148148164	20872.136574073345	1126.9560185185192	-0.04544250946511035	0.0016552631689179353	-0.007423260147543871	-0.013883869106724223	0.0020132134274018685	-0.005733920905746884	54
YRI	CEU	NEA	ANC	2725.7363332397886	2780.9831766741277	11012.430894587516	10804.67563365094	17303.5497685185	210.75115740740742	18879.940972218457	1142.998842592593	-0.010032623476622789	0.009522585438526075	0.0055815176574938105	-0.0032321707340789794	0.011713138567981448	0.004378683684081012	55
YRI	CEU	NEA	ANC	1373.220912832008	1443.086864010468	5822.2111625491625	5755.858679385202	9230.471064814848	67.1956018518518	9970.177083328963	501.3043981481485	-0.024807640611208562	0.005730876050137476	-0.00024408613609775673	-0.00762456083098787	0.007007432180158582	-0.00018857020599899476	56
YRI	CEU	NEA	ANC	734.5383347362452	686.8790333894498	3101.894138139998	3068.2445169281887	4803.906249999995	75.1030092592592	5332.473379628291	383.8969907407407	0.0335294209959175	0.005453624803742381	0.010710442274309543	0.010078512240938566	0.006799858902324436	0.008401956487236423	57
YRI	CEU	NEA	ANC	2329.7855522820705	2222.8960320800434	8496.894559012459	8161.622042179853	13427.508101851809	128.98726851851842	14390.292824067168	831.2627314814813	0.023478365051748655	0.02012619279729915	0.020845688827506224	0.008037699947358368	0.02472688050275351	0.01646322995921129	58
YRI	CEU	NEA	ANC	2587.2106481481082	2624.049242424225	10475.187991018247	10265.925154321234	16494.934027777817	195.07060185185202	17902.954861107723	1185.9293981481485	-0.007069038015693959	0.01008927704268535	0.0066438719180825015	-0.002260055395158885	0.012517946877611874	0.005222304348576559	59
YRI	CEU	NEA	ANC	2155.2023124766006	2216.8188949681885	9044.47309904183	8963.216785913552	14551.361111111082	93.52314814814807	15606.574074066662	708.7268518518521	-0.014093386003404014	0.004512311887165751	0.0008775685510685658	-0.004261811665716057	0.0054542318709721975	0.0006690264769090523	60
YRI	CEU	NEA	ANC	2374.623000841721	2387.014625420856	9995.179468289516	9940.031951458997	15796.45717592587	178.53819444444423	17196.783564808607	1037.4618055555568	-0.0026023871515946056	0.0027663371944923383	0.0017312286345406993	-0.000793423540858948	0.003412737097022064	0.0013454878792095945	61
YRI	CEU	NEA	ANC	3605.2232744107305	3625.9892676767395	14157.886761121668	13852.299639916637	22392.25925925932	224.83333333333303	24068.486111106744	1274.6666666666663	-0.0028717166236154317	0.010909856751031965	0.008082004020291028	-0.0009367796394312996	0.013406578127456874	0.00633481402912269	62
YRI	CEU	NEA	ANC	1289.6583660680644	1323.386059670775	5669.856949118553	5657.861578749148	9018.914351851856	91.4930555555554	9840.16898147713	543.2569444444451	-0.01290743213949532	0.0010589396567273754	-0.0015589048680928743	-0.0037779883443725365	0.0012902531853182019	-0.0011924893402581467	63
YRI	CEU	NEA	ANC	2695.479903198633	2535.8309132996524	10040.056596048977	9729.747673492802	16095.236111110955	159.8749999999998	17237.47685184584	962.8749999999997	0.030517970638541784	0.015696104944966493	0.01879747806599101	0.010018536058631596	0.01906706691696913	0.014590451811311682	64
YRI	CEU	NEA	ANC	2546.672722596277	2581.346754582828	10279.488846796137	10142.087962964097	16168.396990740664	219.4270833333331	17541.63541666185	1188.322916666666	-0.0067616810234163134	0.00672822109242669	0.004020683954916429	-0.002174060907246882	0.008402021537354039	0.0031801731701146937	65
YRI	CEU	NEA	ANC	2212.8609240553437	2397.3222035166473	9719.328703699855	9676.20412457924	15423.731481481385	157.04629629629622	16842.33333332787	894.7037037037046	-0.040011703300483065	0.002223428430784752	-0.0058876269552060505	-0.012082601902363599	0.002704137236828407	-0.004527944988676583	66
YRI	CEU	NEA	ANC	1354.2061237373546	1363.003682659932	5736.293151419937	5650.42951505703	8913.104166666662	132.69212962962956	9818.085648144508	664.0578703703704	-0.0032377179347229377	0.007540680393990275	0.005464155304809442	-0.0010019528565935374	0.009379875006648258	0.004297099783216251	67
YRI	CEU	NEA	ANC	2015.3308782267022	2072.6459034792333	8597.422184807652	8487.090324540308	13461.598379629622	153.99421296296288	14864.077546289931	890.7557870370382	-0.014020389134552082	0.006458004593749762	0.0025040435390473775	-0.004306937938242536	0.007895893486764128	0.0019433664076790775	68
YRI	CEU	NEA	ANC	1705.4254232136088	1694.808209408906	6516.702335857006	6387.568707912555	10413.515046296303	92.94328703703702	11055.281249997066	659.0567129629624	0.0031224953787996478	0.010007045536043632	0.008571302503381466	0.00102874279181069	0.012421204205857917	0.006745774768956835	69
YRI	CEU	NEA	ANC	2515.3584923306935	2501.375116909811	9827.971053118712	9563.288603628254	15846.734953703666	128.9965277777778	16812.190972214292	826.7534722222227	0.0027873466103773338	0.013649574817506218	0.011416990404518873	0.0008896556897662486	0.016557723208425728	0.008789839401658353	70
YRI	CEU	NEA	ANC	1938.8835227272425	1879.0426136363453	7506.6604353689645	7309.672219882484	11854.321759259266	119.01620370370365	12832.835648141581	675.9837962962965	0.015673668623640034	0.013295342381278207	0.013782631627556063	0.005099220366066067	0.016203883858022017	0.010749515843128613	71
YRI	CEU	NEA	ANC	1945.7054222783133	1994.0431748035803	8101.310711275938	7982.821022725458	12881.910879629635	118.72337962962945	13917.306712955353	719.2766203703711	-0.012269247982236723	0.007366868818911536	0.0035034136673457754	-0.003787279041796335	0.008977831367201625	0.002702182044237022	72
YRI	CEU	NEA	ANC	2343.6131570332795	2309.589377571987	8998.363063500297	8794.802247006106	14215.123842592522	152.52430555555537	15344.2511573971	886.2256944444448	0.007311905984805556	0.011440393709712459	0.010584545241123488	0.002419451636355247	0.01407943408425978	0.008330273125345972	73
YRI	CEU	NEA	ANC	2108.4973227646756	2197.0705550878993	8773.544226987726	8617.565691637124	13949.349537036998	152.12731481481484	14986.99768517644	870.6226851851859	-0.020571788631840147	0.008968866051703665	0.0031067107904566497	-0.006419642366893622	0.011049475191095302	0.002414783823481445	74
YRI	CEU	NEA	ANC	3323.8542017395357	3381.70205527495	13464.227144118304	13278.231984195301	21487.012731481547	222.21412037037007	23181.672453705374	1323.5358796296287	-0.008626853808720395	0.0069550507315193025	0.003831237964683545	-0.002720357459919132	0.008509195616592365	0.0029716740253712577	75
YRI	CEU	NEA	ANC	1496.4846029741861	1386.3953773849641	5489.280829123567	5251.41887626238	8648.21990740743	73.70138888888881	9264.40046296095	520.5486111111113	0.03818723857366655	0.022145852633968597	0.025540363581128718	0.012839114563862719	0.027203337486884034	0.02009145035064912	76
YRI	CEU	NEA	ANC	2562.6916152262984	2604.0257903104875	10393.339646459333	10198.015151514655	16530.335648148106	144.18749999999977	17690.131944438246	874.0625000000008	-0.008000084355280278	0.009485752485013578	0.005978332487145535	-0.0025225071023699105	0.011615347783264519	0.00463795285453683	77
YRI	CEU	NEA	ANC	2645.9821244855725	2674.9505588290262	10910.492506074015	10747.048482510043	17281.712962962927	183.6157407407404	18713.49999999585	1072.3842592592607	-0.005444239960842404	0.007546748896845006	0.0049845514188814576	-0.0016942490130307493	0.009264948202031793	0.00387100275886806	78
YRI	CEU	NEA	ANC	833.8202861952815	837.2952441077425	3511.3562242790604	3437.3370744477234	5552.443287037008	52.190972222222214	6053.653935183532	286.05902777777766	-0.002079424102911018	0.010652240162175473	0.008183962465768049	-0.000631781546294036	0.012833624937197712	0.006260662798104031	79
YRI	CEU	NEA	ANC	1784.4469112420375	1726.1339903666258	7012.050119245756	6826.370195004375	11313.987268518518	79.81828703703694	11976.896990735875	511.43171296296293	0.016610618729421902	0.013417710983252668	0.014063797799135412	0.00519067507098525	0.016194713406122486	0.01074875666850532	80
YRI	CEU	NEA	ANC	2940.4636994949356	2849.2736742424017	11095.295629905513	10827.622439673998	17537.954861111022	157.62847222222206	18916.883101846448	1005.3715277777773	0.01575028699335799	0.012209742762435508	0.01294943446390634	0.005246738364524119	0.014944198825689172	0.01016844789610317	81
YRI	CEU	NEA	ANC	1136.3742868499703	1174.0020225402109	4592.030805741242	4509.9657804892995	7273.52662037032	67.37152777777777	7817.718749997435	400.62847222222257	-0.016286409939934125	0.00901615645254034	0.0038937817724790627	-0.005221610582447695	0.011064315274393343	0.003038811729969934	82
YRI	CEU	NEA	ANC	2792.6952978862523	3018.8508113542857	12236.335800126337	12207.799394408004	19449.02662037019	222.51041666666632	21143.33912036984	1164.4895833333337	-0.038914861762593456	0.0011674131848490624	-0.006531636348411856	-0.0117626881059435	0.0014283307787784278	-0.005040613804154523	83
YRI	CEU	NEA	ANC	1819.757201646057	1801.8479002992779	7802.241021322054	7753.354447250472	12082.984953703644	198.18171296296308	13435.093749995644	974.8182870370379	0.0049451281524755895	0.0031427002695171022	0.003483087908099052	0.0015069076857231137	0.003923394327590099	0.002743711623664261	84
YRI	CEU	NEA	ANC	1939.5339038533502	1994.6616395435858	8057.106972500066	7938.645903477685	12630.09143518508	137.380787037037	13853.60300925414	761.3692129629637	-0.014012454409583352	0.007405782643734409	0.0031777971522784472	-0.004412792166799114	0.009048193827392461	0.00247541414325449	85
YRI	CEU	NEA	ANC	1633.7184927983405	1604.6978699027215	6258.990682283509	6098.790345584297	10065.328703703712	75.72222222222216	10587.018518514335	509.7777777777775	0.008961362482560397	0.012963519610676648	0.012132506075439543	0.002905081691597841	0.015897242193650612	0.009429531081759838	86
YRI	CEU	NEA	ANC	2768.690340909071	2950.691393097635	11878.908962303974	11733.249240086683	18634.012731481394	211.39004629629613	20382.936342592093	1060.8599537037037	-0.0318218053371764	0.006168844074682836	-0.001238984726000583	-0.009879215098669061	0.007538512905427512	-0.0009628194385641557	87
YRI	CEU	NEA	ANC	2631.196396838752	2719.2515315188734	10576.676919655045	10466.61968060462	17322.731481481413	151.5138888888888	18194.05092592465	880.7361111111117	-0.016457525773388968	0.005230037913787126	0.0008336105680817238	-0.005128065858189769	0.006356797657041338	0.0006380282066860583	88
YRI	CEU	NEA	ANC	2708.945216049335	2765.5575897867393	10934.127314810226	10738.23421717155	17368.43981481482	181.4814814814814	18841.88888888434	1078.7685185185196	-0.010341098679692467	0.009038844121790702	0.005130637637115332	-0.0032939146438498643	0.01102807916369719	0.003985133340673439	89
YRI	CEU	NEA	ANC	2732.820520014918	2775.7773802843053	11147.416199021176	10981.625163674606	17756.95254629637	162.315972222222	18981.70486110892	976.1840277777783	-0.007798147740471984	0.007492011634360902	0.004444452505813341	-0.0024414747123952777	0.009207788926586578	0.0034503829202629376	90
YRI	CEU	NEA	ANC	2322.8642676767354	2420.9960016834775	9735.461700331613	9639.94654882085	15618.585648148048	141.58101851851836	16738.05787036238	865.6689814814819	-0.020686050691787514	0.00492971039797011	-0.00010848515136232471	-0.00634048618289333	0.00601769224402472	-8.346517116621171e-05	91
YRI	CEU	NEA	ANC	1769.1079779274207	1880.1365974560313	7699.844416383505	7630.438692478801	12148.662037036956	113.06944444444427	13146.828703698653	607.1805555555559	-0.030425096820742407	0.004527360872062466	-0.002193041698211326	-0.0092250230866858	0.0055349020231465675	-0.0016936922841579171	92
YRI	CEU	NEA	ANC	1093.404215768795	1190.653163580243	4725.429538438389	4696.806432378444	7591.767361111111	57.167824074074055	8108.922453700948	404.0821759259265	-0.04257727878936396	0.0030378252198945306	-0.005862303267031219	-0.012906982956879344	0.003714951255058397	-0.004503173514606617	93
YRI	CEU	NEA	ANC	1988.9480686494305	2054.927024878407	8457.856785442962	8367.28144874495	13317.023148148146	159.17129629629608	14487.416666658548	827.8287037037045	-0.016315775018514965	0.005383333880369948	0.0011786077320852175	-0.005014417016687295	0.00663089816059271	0.0009171785464567298	94
YRI	CEU	NEA	ANC	2015.6137182005104	1889.2498713991783	7318.651222876321	6997.097982136491	11662.866898148095	87.56365740740738	12409.517361109274	643.1863425925925	0.032360630250412005	0.022461502792130165	0.024582987004345067	0.010916677012536413	0.027328250431999743	0.01918961982550631	95
YRI	CEU	NEA	ANC	796.5949074074047	824.0063131313118	3446.1318041518985	3388.142536475429	5273.741898148112	68.0775462962962	5914.429398146526	359.1724537037037	-0.01691434350197213	0.008485065829409832	0.0036165951504962316	-0.005265688271691211	0.010438629258090153	0.002841565430191488	96
YRI	CEU	NEA	ANC	773.5528198653151	790.1479377104368	3239.907921810072	3209.657500934937	5203.939814814793	30.754629629629637	5693.435185183758	251.4953703703704	-0.01061271970658224	0.004690303747978701	0.0017040870380105584	-0.0032079110356703334	0.005558756969856728	0.0012864005868998105	97
YRI	CEU	NEA	ANC	1100.7493336139164	1220.3650743546496	4997.332059014826	5018.562277870564	7875.347222222209	76.62962962962962	8665.097222219754	445.62037037037084	-0.05153375479040715	-0.002119652837945143	-0.011416540468549232	-0.015337873095231352	-0.0025829160709858316	-0.008792873634103127	98
YRI	CEU	NEA	ANC	1472.1053123830739	1409.0541760194399	5702.979634303864	5555.9617470993535	8954.70717592584	120.10300925925922	9729.78356481063	634.1469907407412	0.021883945202420325	0.013057878376322777	0.014856260609619745	0.007136837731964177	0.016163562166020762	0.011715906473630334	99
